1390.94
1399.13
1388.79
1350
1330.2
1315
1298.93
1297.18
1285
1300.63
1313.61
1326.47
1316.28
1316.01
1318.47
1313.67
1338.25
1303.52
1227.6
1323.77
1337.55
1356.34
1335.37
1407.15
1417.12
1401.13
1370.73
1393.24
1390.94
1382.86
1442.65
1409.72
1398.32
1408.59
1458.46
1425.27
1415.4
1402.42
1371.57
1360.13
1377.76
1385.25
1361.46
1367.62
1366.19
1353.46
1335.82
1320.52
1292
1317.77
1333.67
1359.4
1386.37
1336.83
1300
1291.77
1257.82
1254.2
1287.15
1289.77
1314.99
1321.98
1280
1259.99
1240
1232.44
1222.76
1206.65
1188.07
1202.595
1221.67
1211.28
1251.58
1266.23
1269.74
1280.71
1271.33
1274.94
1277.04
1290.72
1317.56
1284.46
1304.11
1309.01
1304.29
1312.4
1344.96
1299.6
1259.92
1246.18
1237.96
1223.62
1209.25
1210.7
1215.21
1230.73
1236.17
1220.87
1224.56
1187.825
1190.94
1179.62
1143.62
1134.38
1124.26
1199.57
1209.61
1230.58
1248.85
1263.76
1273.74
1265.48
1274.21
1287.48
1305.59
1309.13
1304.7
1301.58
1282.91
1267
1276.46
1278.61
1257.28
1292.09
1272.83
1295.02
1308.57
1316.4
1295.96
1286.41
1295.58
1293.99
1314.03
1264.25
1266.98
1265.62
1261.36
1280.39
1296.96
1271.09
1277.88
1287.56
1350.83
1329.9
1348.38
1352.45
1328.84
1342.4
1325.8
1327.8
1334.15
1339.75
1350
1355.99
1321.29
1267.97
1274.12
1261
1270.17
1258.17
1254.16
1254.11
1259.41
1259.83
1253.45
1257.5
1215.59
1274.29
1241.38
1145.89
1140.55
1112.42
1130.65
1104.02
1104.96
1115.87
1091.21
1085.5
1089.15
1067.69
1083.44
1066.32
1082.93
1080.52
1082.6
1076.86
1089.25
1077.53
1092.15
1105.46
1110
1085
1070.88
1062.67
1053.44
1033.07
995.31
977.89
1023.93
1001.68
1004.01
1012.09
1024.19
1036.01
1014.04
1021.03
1018.02
998.8
986.39
982.7
981.04
982.7
984.84
988.4
992.65
974.05
998.01
981.17
945.33
937
932.42
951.57
953.5
952.01
952.1
947.6
944.81
1009.31
857.88
853.4
841.03
830.54
826
834.045
822.44
830.98
842.49
831.01
830.65
817.18
801.02
811.64
812.87
812.63
816.87
820.59
810.4
835.59
845.13
830.11
819.6
812.17