60.97
59.19
59.72
59.79
59.11
59.66
59.07
57.79
58.17
58.64
58.31
59.2
60.44
60.94
59.56
59.85
60.03
62.33
65.3
64.5
62.22
60.96
61.14
62.07
60.62
59.98
59.29
61.59
61.34
61
59.19
57.99
57.56
58.84
59.54
58.44
59.35
58.08
58.82
59.24
59.55
58.91
59.87
60.14
60.65
59.9
59.8
61.64
60.38
59.56
59.32
60.06
59.63
59.16
58.31
58.78
59.33
58.5
60.97
60.89
61.5
63.88
63.54
63.77
63.37
63.95
63.76
63.74
63.55
63.61
64.01
63.91
65.93
65.6
66.69
66.08
65.5
66.14
65.89
65.06
65.55
65.34
66.24
67.01
66.26
66.23
65.99
65.53
65
64.12
63.8
62.78
62.88
63.21
64.71
65.23
64.26
64.1
65.52
64.94
65.99
68.31
68.09
68.24
68.02
68.22
67.95
68.27
68.3
68.61
68.58
69.08
68.77
69.93
70.68
71
71.23
70.83
70.81
71.3
72.07
72.49
72.74
73.61
73.04
73.3
74.62
73.85
74.38
73.99
73.76
73.77
74.19
74.51
74.9
75.01
74.5
74.63
73.71
73.01
73.12
74.83
75.15
75.06
74.51
73.58
72.63
72.29
71.36
71.56
71.03
70.99
70.83
70.67
70.63
69.95
69.82
69.03
68.75
70.4
69.2
68.3
69.12
69.04
68.85
67.93
68.28
69.28
67.67
67.14
68.05
66.98
66.32
65.83
65.51
63.99
64.6
64.38
65.52
65.34
62.9
62.86
63.03
63.17
62.66
62.69
62.5
62.88
63.08
63.17
63.3
63.26
63.71
64.17
67.26
68.07
67.08
66.69
66.66
66.29
65.5
65.61
65.29
66.98
66.9
67.46
67.39
67.46
68.14
67.75
68.75
66.65
66.49
66.68
68.3
69.09
70.35
70.63
71.43
71.24
71.4
69.83
70.85
70.64
70.7
70.26
69.53
69.91
69.14
69.91
70.65
69.99
70.46
70.23
70.83
71.38
71.61
70.82
71.17
70.42
69.09
68.51
67.84
67.32
66.2
67
68.85
70.18
70
69.79
70.38
68.99