49.18
54.46
53.65
53.35
53.21
54.6
55.41
56.26
52.83
51.39
52.29
52.62
52.04
51.58
51.41
50.38
50.63
49.38
49.9
52.3
51.71
52.51
51.3
55.31
56.35
56.25
55.73
55.3
55.3
55.56
56.06
57.15
57.28
56.12
55.44
54.63
55.64
54.81
56.07
55.74
53.88
53.89
55.83
55.63
57.05
57.98
59.12
59.29
60.09
58.6
58.19
58.48
56.93
56.26
55.66
55.42
53.89
54.09
54.68
53.61
53.5
52.85
53.16
53.82
53.65
54.49
55.21
55.11
54.49
54.45
53.84
53.64
55.24
55.79
55.54
54.86
54.52
54.76
55.78
56.78
56.71
57.72
58.71
58.46
58.83
58.38
59.11
59.57
59.32
59.18
58.84
57.84
57.7
57.58
56.93
56.38
57.31
57.66
57.38
58.41
58.83
57.56
56.6
55.77
55.54
49.03
47.29
48.64
48.57
48.64
49.05
47.53
46.93
46.78
46.63
47.98
47.74
48.08
48.19
47
47.1
47.34
47.69
48.53
47.95
48.11
49.21
48.85
49.04
49.05
48.09
48.64
48.45
48.71
49.98
49.54
49.49
49.83
48.7
47.94
47.13
47.06
47.61
47.11
47.52
47.31
47.77
48.42
48.11
48.49
48.99
48.66
48.9
47.96
48.2
47.45
47.63
47.08
46.88
46.12
45.23
44.51
44.35
44.85
44.28
45.03
44.43
45.94
46.63
46.48
45.92
46.64
46.92
46.22
46.28
45.92
46.49
45.72
45.87
45.75
45.51
44.14
43.63
42.91
42.7
42.55
43.17
42.82
43.54
43.5
43.34
43.15
43.25
46.61
46.59
47.32
46.08
46.55
46.25
45.37
44.89
45.35
44.91
45.05
44.79
45.21
44.43
44.4
44.22
45.55
45.09
44.58
44.4
45.15
45.46
44.16
42.1
41.89
41.18
40.64
40.52
39.71
39.85
39.52
38.58
39.84
39.28
38.84
36.92
36.28
35.81
35.28
34.94
35.32
33.83
33.52
34.43
34.41
34.76
35.37
35.26
35.06
35.91
36.77
37.14
37.81
38.25
38.14
38.21
38.66
39.29
39.07