35.63
35.14
34.97
34.22
33.74
34.26
34.06
33.83
33.85
33.55
33.43
33.47
33.59
33.84
33.59
33.11
32.81
33.24
32.54
33.34
33.53
33.3
33.6
34.13
33.52
33.61
33.74
34.94
34.12
34.04
33.14
32.78
32.45
31.65
31.87
31.67
31.56
30.9
31.04
31
31.13
31.28
32.54
32.1
32.24
31.86
31.34
31.83
31.15
31.05
31.495
31.71
31.62
31.28
30.97
31.14
30.78
30.38
31.12
30.68
31.08
31.54
31.76
32.12
31.96
32.27
32.31
32.45
32.25
32.37
32.4
32.53
33.04
33.12
33.55
33.81
33.26
33.52
33.6
32.72
32.98
32.62
32.38
32.54
32.65
32.58
32.65
32.85
32.66
32.24
32.04
31.52
31.24
31.66
33.38
33.56
33.34
33.2
32.88
32.92
32.98
32.61
32.68
32.82
32.95
32.99
32.88
33.86
34.58
34.94
36.7
36.92
36.93
36.94
36.5
36.64
36.92
36.65
36.38
36.51
36.22
36.2
36.15
36.39
36.64
37.02
37.19
37.48
37.42
37.53
37.58
37.83
38.01
37.46
37.5
37.5
37.5
37.35
37.61
37.05
37.04
37.2
37.27
36.86
36.97
37.23
37.15
36.61
36.17
36.22
36.37
36.13
35.73
35.67
35.48
35.73
35.62
35.39
35.33
35.31
35.15
34.8
34.56
34.53
34.58
34.48
34.3
35.07
34.56
34.28
34.12
34.16
33.74
33.21
32.77
32.63
32.83
32.98
33.14
33.08
32.66
32.67
32.62
32.43
31.95
31.95
32.29
32.66
32.72
32.78
32.84
33.4
34.12
34.36
34.41
34.67
34.38
34.21
34.49
34.69
34.04
34.06
33.61
33.83
34.16
34.63
34.51
34.78
34.82
34.37
34.25
33.9
33.66
33.71
34.19
33.98
34.27
33.96
33.68
33.75
34.14
33.81
34.17
34.12
34.03
33.99
33.7
33.81
33.56
33.83
33.56
33.34
33.7
33.7
33.72
33.84
32.34
31.76
31.76
31.5
31.13
30.88
30.44
30.43
30.22
30.82
30.65
31.01
30.8
30.77
30.68
31.01