50.3
59.93
58.62
57.3
57.34
62.3
63.38
67.31
66.13
62.18
61.6
62.24
59.91
63.09
61.89
57.79
61.13
59.11
59.81
67.41
66.04
72.01
69.31
70.08
74.92
71.64
78.12
77.62
80.7
83.71
89.3
90.4
90.39
89.83
88.79
85.2
85.03
85.64
82.73
86.01
84.74
83.65
80.72
82.72
83.17
82.14
82.65
79.14
86.75
88.34
87.8
84.52
83.14
79.23
80.88
75.76
76.03
76.83
80.68
80.62
85.21
82.4
78.63
79.13
81.26
84.66
88.25
88.44
85.06
83.03
80.93
82.09
92.04
93.29
89.4
87.52
89.29
84.76
85.69
87.74
85.54
86.25
83.21
82.48
79.89
77.9
79.83
78.61
78.25
77.96
77.2
77.29
75.77
74.27
80.06
81.79
82.15
82.6
82.75
82.55
78.86
72.94
70.27
70.93
69.45
75.17
76.88
74.81
74.74
73.5
71.79
75.27
75.05
74.64
73.34
73.12
73.16
76.2
74.3
74.11
74.37
72.62
69.6
71.97
69.52
69.68
69.42
72.49
71.93
73.19
71.67
71.65
70.65
70.13
70.58
65.62
66.49
66.45
67.35
66.48
64.57
60.7
59.11
56.99
62.02
61.82
62.35
68.61
66.35
66.7
69.04
68.46
70.53
68.38
71.83
70.86
71.3
68.64
68.46
63.67
63.56
59.25
58.85
58.06
53.19
54.96
53.62
58.74
63.36
68.28
62.79
65.46
65.08
63.27
65.45
73.36
74.16
71.06
73.04
74.15
81.3
81.24
80.64
79.35
84.93
82.35
82.17
81.63
79.23
77.33
75.03
73.82
75
74.46
74.28
71.88
74.4
75.09
76.9
76.86
74.17
73.11
71.96
69.23
67.83
67.12
67.37
67.45
63.61
63.14
62.53
62.6
64.68
66.06
65.35
63.57
64.53
64.57
64.24
62.94
63.08
63.47
60.67
59.56
59.17
58.77
58.45
58.56
58.56
56.7
53.51
51.6
52.735
55.94
55.28
52.85
53.71
53.19
50.92
49.48
52.75
53.71
55.78
55.77
58.72
61.7
58.93
60.52
59.9
59.86
57.82
60.68